123
awd http://localhost/proh/about.php

333
http://bsuir.by

34234
http://localhost/proh/about.php

vlad
хуй

vlad
123

vlad
123

vlad
123

123
фцвфцв

123
фцвфцв

123
123

123
123

123
123

vlad.novik.1980@mail.ru
123

vlad.novik.1980@mail.ru
123

123
123

123
123

123
123

123
123

123
123

123
4444

123
1234

123
1234

123
1234

123
1234

123
3444

123
3444

123
3444

123
3444

123
3444

123
3444

123
333

123
333

123
333

123
333

123
333

123
333

123
333

123
333

123
333

123
777

123
123

123
34

